10 0.00
20 0.00
30 0.00
40 0.00
50 0.00
60 0.00
70 0.00
80 0.00
90 0.01
100 0.01
110 0.02
120 0.03
130 0.03
140 0.04
150 0.04
160 0.06
170 0.05
180 0.09
190 0.06
200 0.14
210 0.11
220 0.15
230 0.15
240 0.20
250 0.20
260 0.25
270 0.25
280 0.39
290 0.33
300 0.29
310 0.41
320 0.37
330 0.35
340 0.40
350 0.45
360 0.58
370 0.44
380 0.51
390 0.49
400 0.56
410 0.51
420 0.45
430 0.63
440 0.70
450 0.60
460 0.75
470 0.70
480 0.90
490 0.74
500 0.63
510 0.75
520 1.16
530 0.83
540 0.87
550 1.21
560 0.78
570 0.76
580 0.84
590 1.09
600 0.84
610 1.40
620 1.49
630 1.35
640 1.69
650 1.84
660 1.14
670 1.35
680 1.59
690 2.07
700 2.27
710 2.42
720 1.34
730 2.66
740 1.82
750 2.56
760 1.95
770 1.80
780 2.35
790 1.67
800 3.15
810 2.95
820 2.06
830 3.02
840 2.27
850 3.62
860 3.72
870 2.87
880 3.06
890 4.13
900 4.53
910 3.35
920 4.75
930 4.42
940 4.71
950 4.78
960 3.87
970 3.30
980 3.77
990 5.07
1000 6.02
